[5, 6, 6, 7, 3]
[5, 6, 6, 7]

[[7, 6, 5], [9, 1]]
[[[3, 2, [1, 0, 9, 2, 7], 4, 2], [[4, 10, 3, 4], 6, [0, 4]], [], [9, [1, 0], []]], [], [5, [4, [4, 10, 9, 6, 3], 3], [[8, 2, 8], [10, 7, 7, 1], 10, [], 5], [9], 9], [0, 7, 3, 5, 10]]

[[[0, 4], [[10, 8, 6, 3], 7], 3], [], [[], [[2, 5, 3], [], [6, 7, 10, 7], 5, 7]], [5, 9, [[], [4, 3], 3, [1, 4, 3]], 3], [10, 5, 3, 5, [9, 2, [9, 9], 10, [3, 8, 9, 8, 5]]]]
[[[6, 2, [8, 2, 4, 6]], [9, 6, [], []], [2, [9, 7, 8], [8, 8, 5, 7], [6, 7, 0, 10]], [[0, 7]], 8], [[[6], [9], 1], [[], 5]], [[7, 0, [4, 8], 10], 5, 7, 8]]

[[[[6, 10, 2, 9, 8], 9], [[9, 7, 6], 4, [2, 10, 5], []], 8, 4, [[7, 1, 8], [0], [5]]]]
[[8, [2, [2], 8, []]], [[3, [10, 0, 8, 3, 9]]], [[4], [], [[7, 6, 8, 10], 3, [7, 6], [0, 8]]]]

[[3, [7], [0], 7]]
[[5, 2]]

[[[[6, 1, 4, 1], 8, 6, 10, [5, 3, 9, 10]], [[], 4, 0], 9], [4, 1, 7, 6], [[5, [3, 8, 1, 4, 6], 1, []], 7]]
[[], [7, [], [1, [6, 10, 5, 3], [1], 7, [9, 0, 5, 0, 5]], [7, 5, 4, 3], [[4, 7, 6], [], 4, [8, 9, 2, 9, 3]]], [[0, [], [8, 4, 8], 1], 4, 0, [6, [8, 10, 1, 8, 2], 3, 6]], []]

[[[10, [1, 5], [1, 4, 3, 0, 8], 2, [9]], [], 3], [[[8, 0, 5], [], 2], [2], 5, [1, 6, [8, 8, 7], 5]], [10, 7, 9], []]
[[[[1], [8, 0, 0, 8, 1], [1], [8, 4]], [2, [], [2], 4, [1, 8, 9]], 9], [], [[4, 8, [8, 0], [10, 0, 10, 0, 0]], 1, 2, 1], [[6], 5, 6, 9, 6], [[[5], [7, 4, 9], 2, [6]], 9, [[10], 6]]]

[[[[1, 7, 4, 3, 2], 4, 8, [2, 2, 6], 4], 6, 6], [3, 3, 3, 1, 5], [[1]], [10, []], [2]]
[[[], 3], [[], 7], [8, 0, 8], [8, 2]]

[[0], [0], [[], [10, 2, 6, [], 1], 0, [[1], [6, 9, 6, 7], [], 0, 2], [6, [6, 10, 5, 5], [8, 5, 7, 4]]], [], []]
[[8, [[2, 6, 8, 4], 1]], [[], [], [[8, 3, 0, 8], 6], [3, [1, 3], 8]], [1, 10, [2, 2, [0, 5, 2, 9], [4, 10, 4, 8]]], [[8, 9, 6], [[], [4]]]]

[[4, 2, [[4, 3], 2, [4, 5, 5, 1, 1]]], [[8, [7], [9, 7], 4, [0, 3, 8, 6]], 0], [5], [2, 2, [10, 10, [3, 6, 10, 2, 5], [], 0]]]
[[[[6, 3, 2, 2, 6], 1, [0, 2, 5, 9, 4], [6], [2]], 9, [7, 3]], [[[7], 7, 4, 2, 2], 5, 6, [3], 3]]

[[1, 4, 6, []]]
[[1, 3], [2], [6, 6, 0, [5, [], 9]], [[2, [1, 4, 5], [6], [5, 10, 9, 4]], [7, 4, 6, [2, 6, 8, 9], [5, 6]], [[8], []], [[9, 5, 6], []], 8], [[0, [2, 9, 6, 3], [5, 3]]]]

[[], [[], 0, 2], [9, []], [3, [[8, 4, 9, 1, 9]], [10, 3, 7], 1, [5, [10, 0, 4], [8, 8, 4, 10, 8], [6, 1, 3]]]]
[[0, []]]
